{
    "camera_angle_x": 0.85,
    "frames": [
        {
            "file_path": "./images/20250623142332.jpg",
            "transform_matrix": [
                [
                    0.7407004790312077,
                    0.38112687383898286,
                    -0.5532676625293254,
                    -0.6024727908337817
                ],
                [
                    -0.6247557365112884,
                    0.6935980217141307,
                    -0.35861128533620057,
                    -0.7480573968191406
                ],
                [
                    0.2470689581051757,
                    0.6112806968259085,
                    0.7518595877082732,
                    1.6369690564375836
                ],
                [
                    0.0,
                    0.0,
                    0.0,
                    1.0
                ]
            ]
        },
        {
            "file_path": "./images/20250623142334.jpg",
            "transform_matrix": [
                [
                    0.3981489966016116,
                    0.48759204920783833,
                    -0.7770015251300546,
                    -0.30458871184139635
                ],
                [
                    -0.8183279164833326,
                    0.5715409439754767,
                    -0.06066605693193644,
                    -1.0548525749161857
                ],
                [
                    0.4145078981264143,
                    0.6599961688592761,
                    0.6265686390826628,
                    2.0118515712017437
                ],
                [
                    0.0,
                    0.0,
                    0.0,
                    1.0
                ]
            ]
        },
        {
            "file_path": "./images/202506231423341.jpg",
            "transform_matrix": [
                [
                    0.9927753124820958,
                    0.03298153543859102,
                    -0.11536636098182988,
                    -0.8149593242403758
                ],
                [
                    -0.09451962331924445,
                    0.807243054540552,
                    -0.5826016578277371,
                    -1.061525992296938
                ],
                [
                    0.07391359640597296,
                    0.5892969278862332,
                    0.8045283780266441,
                    1.5250739813533474
                ],
                [
                    0.0,
                    0.0,
                    0.0,
                    1.0
                ]
            ]
        },
        {
            "file_path": "./images/20250623142335.jpg",
            "transform_matrix": [
                [
                    -0.05563534648388857,
                    0.5080299893310111,
                    -0.859540713498756,
                    0.0060507912803063205
                ],
                [
                    -0.9022791092836729,
                    0.3430541900015288,
                    0.2611632280254188,
                    -1.401669464902526
                ],
                [
                    0.42754779519005787,
                    0.7900755360487552,
                    0.4392989075394935,
                    2.1955314051869923
                ],
                [
                    0.0,
                    0.0,
                    0.0,
                    1.0
                ]
            ]
        },
        {
            "file_path": "./images/202506231423351.jpg",
            "transform_matrix": [
                [
                    -0.8248665145979932,
                    0.26495469776288405,
                    -0.4993938738394118,
                    0.5619506069094887
                ],
                [
                    -0.5451144552090235,
                    -0.13866837786426567,
                    0.8268139522907562,
                    -1.602674988950757
                ],
                [
                    0.14981810243466961,
                    0.9542379625197638,
                    0.2588135372599423,
                    1.9206765615441235
                ],
                [
                    0.0,
                    0.0,
                    0.0,
                    1.0
                ]
            ]
        },
        {
            "file_path": "./images/202506231423352.jpg",
            "transform_matrix": [
                [
                    0.8997128867519204,
                    -0.2785762031691035,
                    0.336023839095402,
                    -1.5293046423274113
                ],
                [
                    0.42225955124224057,
                    0.7504341779903634,
                    -0.508473613758501,
                    -0.6983007610126251
                ],
                [
                    -0.11051512474420783,
                    0.5993695383749612,
                    0.7928067631339671,
                    1.3111795041890995
                ],
                [
                    0.0,
                    0.0,
                    0.0,
                    1.0
                ]
            ]
        },
        {
            "file_path": "./images/20250623142337.jpg",
            "transform_matrix": [
                [
                    -0.6721370858639772,
                    0.3188697225847226,
                    -0.668246838993664,
                    2.4050257320975823
                ],
                [
                    -0.3632693481623723,
                    0.6444121907646531,
                    0.6728806053673905,
                    -2.601543998196241
                ],
                [
                    0.6451876614536014,
                    0.6950216028388202,
                    -0.317297735723707,
                    2.2137527471313296
                ],
                [
                    0.0,
                    0.0,
                    0.0,
                    1.0
                ]
            ]
        },
        {
            "file_path": "./images/202506231423371.jpg",
            "transform_matrix": [
                [
                    -0.7991468545136009,
                    0.2658177040146108,
                    -0.5391708942009197,
                    2.4883595593062493
                ],
                [
                    -0.28328887850538087,
                    0.6245495905095075,
                    0.7277947652391918,
                    -2.7586267987638355
                ],
                [
                    0.530199694677564,
                    0.7343560153132862,
                    -0.42380364148625627,
                    2.305396698429122
                ],
                [
                    0.0,
                    0.0,
                    0.0,
                    1.0
                ]
            ]
        },
        {
            "file_path": "./images/202506231423374.jpg",
            "transform_matrix": [
                [
                    -0.5312136139767509,
                    0.4101640436020012,
                    -0.741334980735305,
                    2.0768517579775483
                ],
                [
                    -0.37887919043239826,
                    0.6676295245161719,
                    0.6408754770246718,
                    -2.4727930855463494
                ],
                [
                    0.7578011977973179,
                    0.62131817559956,
                    -0.19925127173141033,
                    1.9596660967817177
                ],
                [
                    0.0,
                    0.0,
                    0.0,
                    1.0
                ]
            ]
        },
        {
            "file_path": "./images/20250623142340.jpg",
            "transform_matrix": [
                [
                    0.885133622021658,
                    0.24729463993641143,
                    -0.39418755970418595,
                    -1.1440002900992534
                ],
                [
                    -0.12088879236322699,
                    0.9402177200142956,
                    0.31839682607098985,
                    -2.8236178617157934
                ],
                [
                    0.44935995710319043,
                    -0.23417087784316867,
                    0.8621134663850105,
                    1.4494038873179769
                ],
                [
                    0.0,
                    0.0,
                    0.0,
                    1.0
                ]
            ]
        },
        {
            "file_path": "./images/202506231423403.jpg",
            "transform_matrix": [
                [
                    0.9897843683066876,
                    0.08207344967884492,
                    -0.11657981434856392,
                    -1.682900655956402
                ],
                [
                    -0.04353959856558492,
                    0.9526290887578172,
                    0.3010018647935569,
                    -3.0104681825256376
                ],
                [
                    0.1357615837138004,
                    -0.29285110228623884,
                    0.9464708258986411,
                    1.9375350044311435
                ],
                [
                    0.0,
                    0.0,
                    0.0,
                    1.0
                ]
            ]
        },
        {
            "file_path": "./images/202506231423411.jpg",
            "transform_matrix": [
                [
                    0.6659097194300981,
                    0.40072586504936253,
                    -0.6292718225448906,
                    -0.5439452988501053
                ],
                [
                    -0.2006597114712671,
                    0.9086148747084766,
                    0.36627133337290724,
                    -2.362576458891127
                ],
                [
                    0.718540135107842,
                    -0.11763413849278449,
                    0.6854650127470143,
                    1.0889223544782398
                ],
                [
                    0.0,
                    0.0,
                    0.0,
                    1.0
                ]
            ]
        },
        {
            "file_path": "./images/202506231423412.jpg",
            "transform_matrix": [
                [
                    0.9632261915480411,
                    0.14771789897016235,
                    -0.22444314700987728,
                    -1.6765186514924983
                ],
                [
                    -0.0727337406335189,
                    0.9474783505401612,
                    0.31143952580099943,
                    -2.8179054746856473
                ],
                [
                    0.25866021512654874,
                    -0.28366211869323743,
                    0.9233800385156434,
                    1.8338860749312984
                ],
                [
                    0.0,
                    0.0,
                    0.0,
                    1.0
                ]
            ]
        },
        {
            "file_path": "./images/202506231423413.jpg",
            "transform_matrix": [
                [
                    0.7909141064811163,
                    0.32758973966086635,
                    -0.5168557232324157,
                    -0.9143490111989039
                ],
                [
                    -0.1530199561979617,
                    0.923680283294436,
                    0.3512828308618061,
                    -2.56604528586341
                ],
                [
                    0.5924860919670195,
                    -0.19874530616353245,
                    0.7806795335498506,
                    1.179161769410425
                ],
                [
                    0.0,
                    0.0,
                    0.0,
                    1.0
                ]
            ]
        },
        {
            "file_path": "./images/20250623142342.jpg",
            "transform_matrix": [
                [
                    -0.7358597931095638,
                    0.26887891127327146,
                    -0.6214615804353879,
                    3.4280775134922936
                ],
                [
                    -0.4416184102591747,
                    0.5051639004849389,
                    0.7414732721865314,
                    -2.4487984059831054
                ],
                [
                    0.5133064821380197,
                    0.8200692438564825,
                    -0.25298792594854747,
                    2.7346919015917432
                ],
                [
                    0.0,
                    0.0,
                    0.0,
                    1.0
                ]
            ]
        },
        {
            "file_path": "./images/202506231423421.jpg",
            "transform_matrix": [
                [
                    0.30144731204490705,
                    0.5508045556150073,
                    -0.7782954834602702,
                    0.02860365372883333
                ],
                [
                    -0.6342022945457274,
                    0.7253461991705397,
                    0.26769449180322435,
                    -0.7474141644124488
                ],
                [
                    0.7119810163577649,
                    0.4129009964417697,
                    0.567975175059226,
                    1.5593695531604446
                ],
                [
                    0.0,
                    0.0,
                    0.0,
                    1.0
                ]
            ]
        },
        {
            "file_path": "./images/202506231423422.jpg",
            "transform_matrix": [
                [
                    -0.4965803656814567,
                    0.39239078978533537,
                    -0.7742334328297319,
                    2.052514146244872
                ],
                [
                    -0.550886795287133,
                    0.546835082943907,
                    0.6304721491390421,
                    -1.29593101297745
                ],
                [
                    0.6707694679977189,
                    0.7395950649871665,
                    -0.05538466077070425,
                    2.283516181233773
                ],
                [
                    0.0,
                    0.0,
                    0.0,
                    1.0
                ]
            ]
        },
        {
            "file_path": "./images/20250623142343.jpg",
            "transform_matrix": [
                [
                    -0.8288154884865302,
                    0.19341311968146724,
                    -0.5250297621848848,
                    3.535592564475921
                ],
                [
                    -0.41301466053609004,
                    0.4215589069238648,
                    0.8072837036478654,
                    -1.745479905982764
                ],
                [
                    0.37747023223969944,
                    0.8859342261862552,
                    -0.26951209739948334,
                    2.810847840950851
                ],
                [
                    0.0,
                    0.0,
                    0.0,
                    1.0
                ]
            ]
        },
        {
            "file_path": "./images/202506231423431.jpg",
            "transform_matrix": [
                [
                    -0.2906165900607136,
                    0.5145249815454994,
                    -0.806725505328229,
                    1.477752102148413
                ],
                [
                    -0.6320683251421565,
                    0.5297421262454015,
                    0.5655642421803115,
                    -1.417130557399732
                ],
                [
                    0.7183534157595912,
                    0.6742679905249873,
                    0.17126309298831233,
                    1.5426516173805696
                ],
                [
                    0.0,
                    0.0,
                    0.0,
                    1.0
                ]
            ]
        },
        {
            "file_path": "./images/202506231423432.jpg",
            "transform_matrix": [
                [
                    0.056689638107237816,
                    0.5125491947695586,
                    -0.8567844582345947,
                    0.9166444363123517
                ],
                [
                    -0.7022961937393344,
                    0.6304269779840581,
                    0.33066883991258,
                    -0.7980197295770831
                ],
                [
                    0.709624084421121,
                    0.582970967005189,
                    0.39570002582577746,
                    1.2202692084390434
                ],
                [
                    0.0,
                    0.0,
                    0.0,
                    1.0
                ]
            ]
        },
        {
            "file_path": "./images/202506231423443.jpg",
            "transform_matrix": [
                [
                    0.5711330891137282,
                    0.46868750344007776,
                    -0.6738983741177279,
                    -0.5963923861114161
                ],
                [
                    -0.6685970470293137,
                    0.7418972416291072,
                    -0.0506603549810285,
                    -0.09370944030082053
                ],
                [
                    0.4762194695968361,
                    0.47950026796888146,
                    0.7370851441961633,
                    1.1323388915999144
                ],
                [
                    0.0,
                    0.0,
                    0.0,
                    1.0
                ]
            ]
        },
        {
            "file_path": "./images/202506231423444.jpg",
            "transform_matrix": [
                [
                    -0.9617557039833526,
                    0.019535421336628764,
                    -0.27321115125244017,
                    3.6237800231727295
                ],
                [
                    -0.26174765623700263,
                    0.22836256667849308,
                    0.9377306130197764,
                    -2.7676226192191313
                ],
                [
                    0.08071016237078961,
                    0.9733801443697165,
                    -0.2145156503308534,
                    3.0098623326634546
                ],
                [
                    0.0,
                    0.0,
                    0.0,
                    1.0
                ]
            ]
        },
        {
            "file_path": "./images/20250623142345.jpg",
            "transform_matrix": [
                [
                    0.9374455275985212,
                    0.21528091041948955,
                    -0.2735873030578833,
                    -2.621995244287866
                ],
                [
                    -0.28952275707190805,
                    0.9185094363999602,
                    -0.26928978514178475,
                    -0.01545938425734201
                ],
                [
                    0.19331956942588946,
                    0.3316542549903188,
                    0.923381285939782,
                    1.1644055490423277
                ],
                [
                    0.0,
                    0.0,
                    0.0,
                    1.0
                ]
            ]
        },
        {
            "file_path": "./images/202506231423451.jpg",
            "transform_matrix": [
                [
                    0.2964516052087873,
                    0.4935190641828953,
                    -0.8176523583144444,
                    0.6218572423573236
                ],
                [
                    -0.763452613833884,
                    0.6368405020514953,
                    0.10758383418065157,
                    0.8344477025073105
                ],
                [
                    0.5738088115386029,
                    0.5923454298252319,
                    0.5655708086224196,
                    0.9335011729054598
                ],
                [
                    0.0,
                    0.0,
                    0.0,
                    1.0
                ]
            ]
        },
        {
            "file_path": "./images/202506231423452.jpg",
            "transform_matrix": [
                [
                    0.4249220044269044,
                    0.4806882591304488,
                    -0.7670593768985297,
                    0.1183510627292424
                ],
                [
                    -0.7281708155732043,
                    0.684908870982498,
                    0.025828313861625762,
                    0.08105127627297692
                ],
                [
                    0.53778113903453,
                    0.5475752331722269,
                    0.6410560119951337,
                    1.1187438116184016
                ],
                [
                    0.0,
                    0.0,
                    0.0,
                    1.0
                ]
            ]
        },
        {
            "file_path": "./images/20250623142456.jpg",
            "transform_matrix": [
                [
                    -0.49773645810382705,
                    0.4535917200049323,
                    -0.7392651552840996,
                    0.10977540049661698
                ],
                [
                    -0.7961732881067488,
                    0.09915295231764432,
                    0.5968892588679934,
                    -1.376183585768265
                ],
                [
                    0.3440443482743827,
                    0.8856767150544614,
                    0.31178557187720113,
                    2.336945312107886
                ],
                [
                    0.0,
                    0.0,
                    0.0,
                    1.0
                ]
            ]
        },
        {
            "file_path": "./images/20250623142500.jpg",
            "transform_matrix": [
                [
                    0.5349826545209714,
                    -0.5434114841721767,
                    0.6469138414282747,
                    -1.726199781807844
                ],
                [
                    0.7992534639132507,
                    0.5737028297771858,
                    -0.1790501704224804,
                    -1.6017071206776174
                ],
                [
                    -0.27383838259886956,
                    0.6128368640800269,
                    0.7412445738352448,
                    1.526141064222096
                ],
                [
                    0.0,
                    0.0,
                    0.0,
                    1.0
                ]
            ]
        },
        {
            "file_path": "./images/20250623142505.jpg",
            "transform_matrix": [
                [
                    -0.9359220998584192,
                    0.14036075343512278,
                    -0.323030465887868,
                    1.0664599103964723
                ],
                [
                    -0.28935259714680706,
                    0.21649879512079595,
                    0.9324180104629263,
                    -2.3011299913011865
                ],
                [
                    0.20081060111708737,
                    0.9661403265604684,
                    -0.16201225840233824,
                    2.2896836889573056
                ],
                [
                    0.0,
                    0.0,
                    0.0,
                    1.0
                ]
            ]
        },
        {
            "file_path": "./images/20250623142510.jpg",
            "transform_matrix": [
                [
                    -0.678501216580599,
                    -0.46017536213014615,
                    0.5726034711622286,
                    -0.25130516875884873
                ],
                [
                    0.6455462808132221,
                    -0.0015111844736415136,
                    0.7637196577604256,
                    -2.346396102605168
                ],
                [
                    -0.3505796606006414,
                    0.8878267581064866,
                    0.2980898340488386,
                    1.462495216442991
                ],
                [
                    0.0,
                    0.0,
                    0.0,
                    1.0
                ]
            ]
        },
        {
            "file_path": "./images/20250623142521.jpg",
            "transform_matrix": [
                [
                    -0.46339424963583187,
                    -0.6386147849252398,
                    0.6143589552365406,
                    1.4801828368395704
                ],
                [
                    0.41589618931180106,
                    0.4554579987194324,
                    0.787139359401124,
                    -3.337981438827933
                ],
                [
                    -0.7824935329575361,
                    0.6202654011609701,
                    0.05454083793135378,
                    3.2872179418945757
                ],
                [
                    0.0,
                    0.0,
                    0.0,
                    1.0
                ]
            ]
        },
        {
            "file_path": "./images/20250623142526.jpg",
            "transform_matrix": [
                [
                    -0.9227446545581077,
                    0.1395909883270219,
                    -0.35924456636436974,
                    0.9200502451099883
                ],
                [
                    -0.377962945260955,
                    -0.14537556740494462,
                    0.9143358006834004,
                    -1.332670790271872
                ],
                [
                    0.07540765540781127,
                    0.9794796069237868,
                    0.1869047488062331,
                    1.820097738067576
                ],
                [
                    0.0,
                    0.0,
                    0.0,
                    1.0
                ]
            ]
        },
        {
            "file_path": "./images/20250623142538.jpg",
            "transform_matrix": [
                [
                    -0.9266763336795831,
                    0.12933267636154983,
                    -0.352907964522374,
                    0.96753213542755
                ],
                [
                    -0.37498520963726606,
                    -0.25409049851903664,
                    0.891529085961666,
                    -0.7739915967598378
                ],
                [
                    0.02563328210476007,
                    0.9584941718067495,
                    0.2839574923488224,
                    1.8096997231342526
                ],
                [
                    0.0,
                    0.0,
                    0.0,
                    1.0
                ]
            ]
        },
        {
            "file_path": "./images/20250623142540.jpg",
            "transform_matrix": [
                [
                    -0.6699558458560553,
                    -0.5467006238153086,
                    0.5022724285915441,
                    1.6658417335960967
                ],
                [
                    0.32231317817439287,
                    0.3952762747999101,
                    0.8601574749750346,
                    -3.2012068539613088
                ],
                [
                    -0.6687850026566216,
                    0.7381565514850205,
                    -0.08860883545856835,
                    2.945825744956158
                ],
                [
                    0.0,
                    0.0,
                    0.0,
                    1.0
                ]
            ]
        },
        {
            "file_path": "./images/20250623142544.jpg",
            "transform_matrix": [
                [
                    -0.7183745905624499,
                    -0.5144064581729155,
                    0.46832034274012546,
                    1.7579002931911967
                ],
                [
                    0.2959777688821244,
                    0.38322513062858,
                    0.8749489468433387,
                    -3.1057970481628305
                ],
                [
                    -0.6295515133504104,
                    0.7671535016179645,
                    -0.12304632051997189,
                    2.862403468941657
                ],
                [
                    0.0,
                    0.0,
                    0.0,
                    1.0
                ]
            ]
        },
        {
            "file_path": "./images/20250623142546.jpg",
            "transform_matrix": [
                [
                    -0.9092566122994119,
                    -0.3031865565770056,
                    0.285184720664998,
                    2.1857857169139017
                ],
                [
                    0.0685689962401903,
                    0.5666856956992296,
                    0.8210758887243568,
                    -3.113423911075321
                ],
                [
                    -0.41054927322357726,
                    0.7661235110612765,
                    -0.49447351805201145,
                    4.268426931587474
                ],
                [
                    0.0,
                    0.0,
                    0.0,
                    1.0
                ]
            ]
        },
        {
            "file_path": "./images/20250623142549.jpg",
            "transform_matrix": [
                [
                    -0.747491334591806,
                    0.31538406803441843,
                    -0.5846277399681117,
                    0.6333230287997935
                ],
                [
                    -0.43563198873475284,
                    0.43167577399019585,
                    0.7898612514492462,
                    -2.1308238472233905
                ],
                [
                    0.5014792868116935,
                    0.8450969860199635,
                    -0.18528251163779186,
                    2.1903147701723413
                ],
                [
                    0.0,
                    0.0,
                    0.0,
                    1.0
                ]
            ]
        },
        {
            "file_path": "./images/20250623142550.jpg",
            "transform_matrix": [
                [
                    -0.9455679813756954,
                    0.1554722101469144,
                    -0.2858838653529238,
                    1.333433838387519
                ],
                [
                    -0.1808884474393754,
                    0.47917030311093745,
                    0.8588801954868591,
                    -2.442596976921601
                ],
                [
                    0.2705190606594428,
                    0.8638427012417288,
                    -0.42496496953434626,
                    3.673286675936671
                ],
                [
                    0.0,
                    0.0,
                    0.0,
                    1.0
                ]
            ]
        },
        {
            "file_path": "./images/20250623142552.jpg",
            "transform_matrix": [
                [
                    -0.3074050634688694,
                    0.5128078244631524,
                    -0.8015798538655206,
                    -0.21643278138314115
                ],
                [
                    -0.5678334571082262,
                    0.5770985833709061,
                    0.5869602968343034,
                    -1.9618189832260078
                ],
                [
                    0.7635884309902954,
                    0.6355984268708207,
                    0.11378641314813209,
                    2.6817173807423065
                ],
                [
                    0.0,
                    0.0,
                    0.0,
                    1.0
                ]
            ]
        },
        {
            "file_path": "./images/202506231425521.jpg",
            "transform_matrix": [
                [
                    -0.6392240151384905,
                    0.38305176774046734,
                    -0.6668313142775536,
                    0.1926371959793113
                ],
                [
                    -0.5073767783542348,
                    0.441540172624277,
                    0.7400074869525316,
                    -2.001815170943167
                ],
                [
                    0.5778939896357326,
                    0.811365280986207,
                    -0.08789151013077934,
                    2.2576314451087303
                ],
                [
                    0.0,
                    0.0,
                    0.0,
                    1.0
                ]
            ]
        },
        {
            "file_path": "./images/20250623142553.jpg",
            "transform_matrix": [
                [
                    -0.1101083252250381,
                    0.5174673476960449,
                    -0.8485892414970616,
                    -0.2762208446214221
                ],
                [
                    -0.5492909088399826,
                    0.6798702028055936,
                    0.48585595067141774,
                    -2.0416199977947267
                ],
                [
                    0.8283451298715311,
                    0.5196191407228008,
                    0.2093807403096446,
                    3.0709061292162256
                ],
                [
                    0.0,
                    0.0,
                    0.0,
                    1.0
                ]
            ]
        },
        {
            "file_path": "./images/202506231425541.jpg",
            "transform_matrix": [
                [
                    -0.06741707785581896,
                    0.5291334726315343,
                    -0.8458561968527959,
                    -0.5178279914823803
                ],
                [
                    -0.5532891710130053,
                    0.6856567661803206,
                    0.4730178561438104,
                    -2.0161700794087745
                ],
                [
                    0.8302566054257706,
                    0.4998925555877367,
                    0.24653884483958655,
                    3.088305844606321
                ],
                [
                    0.0,
                    0.0,
                    0.0,
                    1.0
                ]
            ]
        },
        {
            "file_path": "./images/20250623142555.jpg",
            "transform_matrix": [
                [
                    0.49612694812473146,
                    0.47995466089567285,
                    -0.7235340868466111,
                    -1.3774049324217743
                ],
                [
                    -0.48560412948788945,
                    0.8441884818014538,
                    0.22701197461381975,
                    -2.0508387616909327
                ],
                [
                    0.7197545976016748,
                    0.23872438224504036,
                    0.6518926204161042,
                    2.501180875766698
                ],
                [
                    0.0,
                    0.0,
                    0.0,
                    1.0
                ]
            ]
        },
        {
            "file_path": "./images/20250623142556.jpg",
            "transform_matrix": [
                [
                    0.01977266631418817,
                    0.537336492967213,
                    -0.8431361307597517,
                    -0.6340613099116377
                ],
                [
                    -0.5390935093468548,
                    0.7159397947448047,
                    0.44363092597435055,
                    -1.9489844163823171
                ],
                [
                    0.8420137943329203,
                    0.4457574493224576,
                    0.3038306543563636,
                    3.090459411237554
                ],
                [
                    0.0,
                    0.0,
                    0.0,
                    1.0
                ]
            ]
        },
        {
            "file_path": "./images/202506231425561.jpg",
            "transform_matrix": [
                [
                    0.39866296818207847,
                    0.4881950722228706,
                    -0.7763590723740923,
                    -0.8372323197783003
                ],
                [
                    -0.48411910931304514,
                    0.8310073393468129,
                    0.27396257034433535,
                    -2.0375818444295217
                ],
                [
                    0.7789072639269703,
                    0.26663153116058336,
                    0.567636416020646,
                    2.6722726289878187
                ],
                [
                    0.0,
                    0.0,
                    0.0,
                    1.0
                ]
            ]
        },
        {
            "file_path": "./images/20250623142557.jpg",
            "transform_matrix": [
                [
                    0.9854964645407396,
                    0.09836635429746005,
                    -0.13827790394683245,
                    -1.2118460612100332
                ],
                [
                    -0.09388473130137018,
                    0.994835150172302,
                    0.03858343180852159,
                    -2.5152283828760122
                ],
                [
                    0.14135903086174714,
                    -0.02504165178018169,
                    0.9896416220379718,
                    3.132773128364966
                ],
                [
                    0.0,
                    0.0,
                    0.0,
                    1.0
                ]
            ]
        },
        {
            "file_path": "./images/20250623142558.jpg",
            "transform_matrix": [
                [
                    0.6196892038986269,
                    0.43837975100702575,
                    -0.6510057484220119,
                    -1.4517032002411374
                ],
                [
                    -0.4564322662447404,
                    0.876071632847407,
                    0.1554608646919491,
                    -2.1350009713084006
                ],
                [
                    0.6384785641681138,
                    0.20080260961226623,
                    0.7429827959453217,
                    2.4409653428271847
                ],
                [
                    0.0,
                    0.0,
                    0.0,
                    1.0
                ]
            ]
        },
        {
            "file_path": "./images/202506231425581.jpg",
            "transform_matrix": [
                [
                    0.9968110018812292,
                    0.024796982493328516,
                    -0.07584811261834881,
                    -1.3778165607020176
                ],
                [
                    -0.0235973018155152,
                    0.9995825098959916,
                    0.016672530013685596,
                    -2.6337930531169365
                ],
                [
                    0.07622987521679181,
                    -0.014829550541244439,
                    0.9969799850323862,
